1,1,595.7589,2.1094,52.4814,101.5675,-1,1,-1,-1
2,1,597.5209,0.115,47.2806,104.5837,-1,1,-1,-1
3,1,593.4153,0.1516,45.5732,103.1655,-1,1,-1,-1
4,1,589.6597,0.8185,46.5374,101.6828,-1,1,-1,-1
5,1,584.0403,0.1223,46.3288,102.5432,-1,1,-1,-1
6,1,580.5621,0.7145,49.9464,101.0968,-1,1,-1,-1
7,1,577.244,2.2612,54.2072,99.1633,-1,1,-1,-1
8,1,574.4779,2.4252,56.174,100.1568,-1,1,-1,-1
9,1,572.9255,2.4351,58.7549,103.7648,-1,1,-1,-1
10,1,568.6069,2.3333,64.2289,107.1498,-1,1,-1,-1
11,1,561.8928,2.2378,71.5755,109.994,-1,1,-1,-1
12,1,548.9023,1.1594,84.6021,112.5605,-1,1,-1,-1
13,1,543.8345,1.1533,87.6859,113.6731,-1,1,-1,-1
14,1,542.0739,1.0572,87.8245,116.5458,-1,1,-1,-1
15,1,545.1315,1.0705,83.5047,116.979,-1,1,-1,-1
16,1,543.8338,0.8736,82.987,118.5548,-1,1,-1,-1
17,1,540.8322,0.0,81.2846,123.7746,-1,1,-1,-1
18,1,540.7739,0.0,82.0534,123.142,-1,1,-1,-1
19,1,539.0099,0.0,81.5508,120.1828,-1,1,-1,-1
20,1,535.6346,0.0,80.9037,121.4397,-1,1,-1,-1
21,1,532.835,0.0837,80.0689,121.842,-1,1,-1,-1
22,1,532.2116,0.8047,73.6077,122.7038,-1,1,-1,-1
23,1,529.9541,0.9886,70.1815,121.7192,-1,1,-1,-1
24,1,527.0364,0.4451,67.1939,123.7998,-1,1,-1,-1
25,1,521.6879,0.4021,65.9818,125.3348,-1,1,-1,-1
26,1,515.5085,1.5862,75.1221,126.9099,-1,1,-1,-1
27,1,508.4301,0.5205,81.8541,129.3947,-1,1,-1,-1
28,1,505.8323,0.8079,81.9254,133.2102,-1,1,-1,-1
29,1,500.4564,0.2707,82.2206,138.6255,-1,1,-1,-1
30,1,499.5921,0.0,79.8179,140.6415,-1,1,-1,-1
31,1,492.4114,0.1601,83.0811,141.3123,-1,1,-1,-1
32,1,490.2831,0.0419,85.4617,142.6495,-1,1,-1,-1
33,1,484.585,0.272,87.783,145.6256,-1,1,-1,-1
34,1,481.2279,0.0865,91.2667,145.5838,-1,1,-1,-1
35,1,482.3008,0.7948,88.6437,149.2386,-1,1,-1,-1
36,1,481.5447,0.5077,88.691,148.3635,-1,1,-1,-1
37,1,478.6124,0.0,80.8858,144.6083,-1,1,-1,-1
38,1,471.1325,0.0,84.5806,144.395,-1,1,-1,-1
39,1,473.1591,0.0,69.0134,144.2242,-1,1,-1,-1
40,1,471.2,0.0,65.6492,145.1945,-1,1,-1,-1
41,1,471.9505,0.0,58.9106,147.0328,-1,1,-1,-1
42,1,468.0466,0.0459,57.0627,147.632,-1,1,-1,-1
43,1,464.889,0.0,58.8335,146.9383,-1,1,-1,-1
44,1,461.5201,0.0,54.177,143.646,-1,1,-1,-1
45,1,456.4662,0.0,58.8679,145.8938,-1,1,-1,-1
46,1,451.4891,0.0,64.4521,145.2665,-1,1,-1,-1
47,1,436.6732,0.0,80.187,148.8638,-1,1,-1,-1
48,1,427.1475,0.0068,89.6435,150.9651,-1,1,-1,-1
49,1,426.475,0.2109,91.2296,154.1644,-1,1,-1,-1
50,1,423.897,0.0,90.7241,159.7007,-1,1,-1,-1
51,1,415.6916,0.0,96.5076,158.7285,-1,1,-1,-1
52,1,410.4197,0.0,102.3855,154.3162,-1,1,-1,-1
53,1,412.7374,0.0,98.8324,163.9957,-1,1,-1,-1
54,1,405.5301,0.0,102.2655,164.6779,-1,1,-1,-1
55,1,406.2389,0.0,96.4725,161.2696,-1,1,-1,-1
56,1,406.795,0.1818,89.5058,160.8115,-1,1,-1,-1
57,1,405.4838,0.3765,67.2045,165.3482,-1,1,-1,-1
58,1,405.1134,0.2029,61.1112,162.3503,-1,1,-1,-1
59,1,403.5773,0.0,59.2965,162.1737,-1,1,-1,-1
60,1,399.5279,0.0901,54.9025,160.5802,-1,1,-1,-1
61,1,388.4654,0.09,57.7428,162.2984,-1,1,-1,-1
62,1,382.8555,0.0483,61.0211,164.3482,-1,1,-1,-1
63,1,370.7104,0.5029,74.2531,168.9603,-1,1,-1,-1
64,1,361.245,0.3769,85.1466,169.9305,-1,1,-1,-1
65,1,363.1794,0.0622,87.342,171.3763,-1,1,-1,-1
66,1,355.1567,0.3677,91.2731,177.2331,-1,1,-1,-1
67,1,349.4326,0.0,89.8018,175.8065,-1,1,-1,-1
68,1,338.7041,0.4488,106.6772,173.4296,-1,1,-1,-1
69,1,337.4012,0.6767,106.0997,174.7002,-1,1,-1,-1
70,1,337.9891,2.7938,89.0748,176.4282,-1,1,-1,-1
71,1,325.4261,0.2948,96.1715,177.9517,-1,1,-1,-1
72,1,324.4346,0.441,91.5963,176.4412,-1,1,-1,-1
73,1,321.4429,0.6048,92.0538,178.756,-1,1,-1,-1
74,1,324.9512,1.3196,76.6179,178.0222,-1,1,-1,-1
75,1,312.8029,0.0272,85.2284,175.9474,-1,1,-1,-1
76,1,312.1362,0.3148,83.8283,177.787,-1,1,-1,-1
77,1,312.6315,0.3822,76.0548,179.6886,-1,1,-1,-1
78,1,314.0805,0.1444,61.4408,179.16,-1,1,-1,-1
79,1,314.2661,0.3891,60.0574,177.33,-1,1,-1,-1
80,1,310.6635,0.5102,62.6852,180.427,-1,1,-1,-1
81,1,300.475,0.2635,65.5505,184.2416,-1,1,-1,-1
82,1,294.3969,0.0838,71.5715,177.3787,-1,1,-1,-1
83,1,287.6754,0.0,77.5014,177.915,-1,1,-1,-1
84,1,282.3876,0.1541,89.3125,181.9728,-1,1,-1,-1
85,1,283.5474,1.1216,80.2722,180.981,-1,1,-1,-1
86,1,284.33,0.6022,76.0365,181.8092,-1,1,-1,-1
87,1,283.33,0.5743,74.6953,181.6274,-1,1,-1,-1
88,1,279.96,0.2642,74.3671,181.4458,-1,1,-1,-1
89,1,278.95,2.1208,71.3542,181.2644,-1,1,-1,-1
90,1,283.80,0.0,65.7702,181.4456,-1,1,-1,-1
91,1,287.23,0.1869,74.0234,181.6271,-1,1,-1,-1
92,1,306.82,10.7019,66.1510,181.4454,-1,1,-1,-1
1,2,733.6752,0.4185,68.5937,99.3921,-1,1,-1,-1
2,2,732.6116,0.4168,72.4073,100.7004,-1,1,-1,-1
3,2,728.249,1.4501,72.5643,99.0561,-1,1,-1,-1
4,2,720.367,0.6098,80.0887,101.3059,-1,1,-1,-1
5,2,720.4833,0.9211,78.9287,103.0216,-1,1,-1,-1
6,2,718.3285,1.7038,81.243,104.2191,-1,1,-1,-1
7,2,712.3699,0.843,86.216,105.5,-1,1,-1,-1
8,2,711.9601,2.5169,80.3979,112.6618,-1,1,-1,-1
9,2,711.763,2.6528,74.3137,118.4139,-1,1,-1,-1
10,2,709.0323,2.354,75.6774,121.2513,-1,1,-1,-1
11,2,708.4009,3.5733,73.8038,118.6792,-1,1,-1,-1
12,2,705.4212,2.0759,70.8261,113.2842,-1,1,-1,-1
13,2,701.5907,1.9612,72.454,126.5226,-1,1,-1,-1
14,2,695.2968,1.0252,75.8895,128.0195,-1,1,-1,-1
15,2,693.4505,1.4341,72.4532,127.3301,-1,1,-1,-1
16,2,692.6856,2.6441,68.4784,124.9239,-1,1,-1,-1
17,2,690.4615,3.2791,66.4722,123.1307,-1,1,-1,-1
18,2,686.5513,2.7436,65.2541,124.194,-1,1,-1,-1
19,2,683.9058,2.1435,62.8781,126.5852,-1,1,-1,-1
20,2,682.8389,1.0163,62.1167,124.6727,-1,1,-1,-1
21,2,670.7757,1.5202,69.636,126.5453,-1,1,-1,-1
22,2,665.5739,1.1939,72.3375,126.9183,-1,1,-1,-1
23,2,665.4887,0.302,70.4551,128.5006,-1,1,-1,-1
24,2,655.9214,0.4564,78.5123,132.4769,-1,1,-1,-1
25,2,648.0284,1.0586,84.2845,129.8065,-1,1,-1,-1
26,2,641.3305,0.7756,88.4501,131.7989,-1,1,-1,-1
27,2,635.2992,0.3403,95.9087,136.2668,-1,1,-1,-1
28,2,635.1465,1.2607,93.2103,134.9856,-1,1,-1,-1
29,2,630.4008,0.4124,98.3112,139.9652,-1,1,-1,-1
30,2,628.0933,0.4441,98.2467,141.0225,-1,1,-1,-1
31,2,628.756,0.8807,95.8943,140.9881,-1,1,-1,-1
32,2,625.1665,1.9282,95.7901,141.8575,-1,1,-1,-1
33,2,620.5256,1.8753,93.4801,139.6563,-1,1,-1,-1
34,2,617.435,0.5221,86.6801,141.1379,-1,1,-1,-1
35,2,617.39,0.5657,81.3566,141.5533,-1,1,-1,-1
36,2,616.1178,0.8651,75.0045,143.6866,-1,1,-1,-1
37,2,611.707,1.3054,77.526,145.2042,-1,1,-1,-1
38,2,610.5566,1.334,75.513,148.1933,-1,1,-1,-1
39,2,603.3667,0.7921,83.9732,148.3865,-1,1,-1,-1
40,2,593.3864,0.7778,93.6694,154.3974,-1,1,-1,-1
41,2,594.1778,0.6522,89.0692,154.1209,-1,1,-1,-1
42,2,592.3745,0.4469,86.3165,159.8324,-1,1,-1,-1
43,2,585.747,0.0475,90.4522,160.2106,-1,1,-1,-1
44,2,581.9519,0.0186,90.2952,162.3433,-1,1,-1,-1
45,2,578.407,0.6938,87.12,162.9404,-1,1,-1,-1
46,2,573.9354,1.8828,90.2313,163.1491,-1,1,-1,-1
47,2,571.2553,1.2215,87.6658,163.9057,-1,1,-1,-1
48,2,569.0848,0.2417,86.6007,166.9105,-1,1,-1,-1
49,2,567.2509,1.1862,80.6857,164.4199,-1,1,-1,-1
50,2,568.4297,1.5905,67.784,164.3948,-1,1,-1,-1
51,2,565.8521,0.301,63.9763,166.8978,-1,1,-1,-1
52,2,562.7955,0.2626,57.1595,168.3563,-1,1,-1,-1
53,2,558.4575,0.4221,57.1623,170.1014,-1,1,-1,-1
54,2,549.7333,0.3212,59.6825,165.5578,-1,1,-1,-1
55,2,543.8616,2.6122,63.5547,162.4995,-1,1,-1,-1
56,2,538.7461,2.1608,67.1031,160.3163,-1,1,-1,-1
57,2,518.2511,0.1893,86.4955,167.131,-1,1,-1,-1
58,2,506.0855,0.3001,98.0985,170.5892,-1,1,-1,-1
59,2,498.567,2.6315,104.5288,169.0282,-1,1,-1,-1
60,2,495.1643,3.2908,106.3574,170.8366,-1,1,-1,-1
61,2,493.4472,3.7126,108.4418,171.534,-1,1,-1,-1
62,2,490.6565,2.6668,110.5543,175.2152,-1,1,-1,-1
63,2,488.3828,5.2777,111.8413,175.8572,-1,1,-1,-1
64,2,486.87,6.6852,106.8056,173.9729,-1,1,-1,-1
65,2,484.9768,6.2806,103.7744,175.7398,-1,1,-1,-1
66,2,481.8364,2.4893,99.885,176.9511,-1,1,-1,-1
67,2,477.9587,1.707,87.7536,178.5528,-1,1,-1,-1
68,2,475.0492,1.4559,84.6895,180.786,-1,1,-1,-1
69,2,472.5706,2.0994,73.5988,179.8301,-1,1,-1,-1
70,2,469.0635,2.4617,70.2022,186.0058,-1,1,-1,-1
71,2,465.5076,2.0351,65.9342,185.7849,-1,1,-1,-1
72,2,459.7392,0.4182,82.8875,190.2745,-1,1,-1,-1
73,2,454.1187,2.9408,80.8767,191.6537,-1,1,-1,-1
74,2,449.5431,6.1968,73.4649,201.632,-1,1,-1,-1
75,2,439.431,6.9674,85.383,200.6021,-1,1,-1,-1
76,2,435.2097,4.8536,87.7691,193.3046,-1,1,-1,-1
77,2,424.9034,5.8668,96.3872,197.9874,-1,1,-1,-1
78,2,424.3661,0.4093,98.5055,211.7865,-1,1,-1,-1
79,2,417.1051,10.3453,104.7899,199.4973,-1,1,-1,-1
80,2,414.9945,4.4158,99.6852,211.5016,-1,1,-1,-1
81,2,411.0705,6.3137,98.2613,206.4087,-1,1,-1,-1
82,2,407.7595,5.9158,94.0593,205.7256,-1,1,-1,-1
83,2,402.548,2.3506,89.1307,209.3528,-1,1,-1,-1
84,2,402.9329,8.653,67.6381,203.5502,-1,1,-1,-1
85,2,396.5,5.3277,72.9022,205.0856,-1,1,-1,-1
86,2,391.0913,1.7613,70.9819,212.2133,-1,1,-1,-1
87,2,385.644,11.2406,64.1237,201.7655,-1,1,-1,-1
88,2,381.8604,11.9686,66.937,199.7852,-1,1,-1,-1
89,2,375.187,11.1727,73.0088,202.4942,-1,1,-1,-1
90,2,347.7887,7.3157,100.478,205.3695,-1,1,-1,-1
91,2,343.8384,9.8564,106.1902,202.5441,-1,1,-1,-1
92,2,337.2761,11.6225,112.818,201.2541,-1,1,-1,-1
93,2,330.5331,12.9722,118.7056,202.7306,-1,1,-1,-1
94,2,332.7803,13.6546,115.3738,202.4474,-1,1,-1,-1
95,2,332.0413,14.6885,112.5452,202.073,-1,1,-1,-1
96,2,328.1348,12.4707,113.8183,206.7011,-1,1,-1,-1
97,2,326.023,16.8756,110.8519,204.3477,-1,1,-1,-1
98,2,323.1674,12.4551,107.0746,206.9593,-1,1,-1,-1
99,2,320.3572,21.6384,103.8295,198.1606,-1,1,-1,-1
100,2,314.9315,20.538,92.6346,198.4923,-1,1,-1,-1
101,2,311.7528,29.2012,83.6709,185.7105,-1,1,-1,-1
102,2,299.7498,18.3188,80.9179,199.9915,-1,1,-1,-1
103,2,295.7587,16.2303,76.3326,204.049,-1,1,-1,-1
104,2,292.0939,16.9751,64.8714,208.5628,-1,1,-1,-1
105,2,289.218,16.8293,66.5896,205.2496,-1,1,-1,-1
106,2,288.5915,18.4482,67.4364,205.8779,-1,1,-1,-1
107,2,287.2362,20.8076,68.0837,200.9804,-1,1,-1,-1
108,2,287.1639,23.322,67.9289,199.9804,-1,1,-1,-1
109,2,285.8269,26.8185,67.8969,194.7747,-1,1,-1,-1
110,2,288.3241,52.1681,63.1142,170.5314,-1,1,-1,-1
111,2,287.6564,62.2616,65.1897,157.8105,-1,1,-1,-1
112,2,287.0817,62.3794,66.0232,159.1034,-1,1,-1,-1
113,2,301.6638,142.8284,44.2479,76.3102,-1,1,-1,-1
1,3,1086.00,277.50,142.50,289.50,-1,1,-1,-1
2,3,1087.50,268.50,138.00,301.50,-1,1,-1,-1
3,3,1093.50,264.00,135.00,313.50,-1,1,-1,-1
4,3,1086.00,276.00,145.50,304.50,-1,1,-1,-1
5,3,1081.50,262.50,147.00,316.50,-1,1,-1,-1
6,3,1096.50,270.00,130.50,310.50,-1,1,-1,-1
7,3,1084.50,261.00,144.00,325.50,-1,1,-1,-1
8,3,1089.00,264.00,139.50,316.50,-1,1,-1,-1
9,3,1089.00,271.50,135.00,321.00,-1,1,-1,-1
10,3,1099.50,273.00,126.00,316.50,-1,1,-1,-1
11,3,1075.50,268.50,145.50,321.00,-1,1,-1,-1
12,3,1096.50,265.50,126.00,334.50,-1,1,-1,-1
13,3,1098.00,274.50,126.00,328.50,-1,1,-1,-1
14,3,1099.50,276.00,121.50,322.50,-1,1,-1,-1
15,3,1104.00,279.00,120.00,321.00,-1,1,-1,-1
16,3,1111.50,274.50,111.00,331.50,-1,1,-1,-1
17,3,1110.00,285.00,115.50,322.50,-1,1,-1,-1
18,3,1113.00,276.00,117.00,337.50,-1,1,-1,-1
19,3,1111.50,288.00,115.50,316.50,-1,1,-1,-1
20,3,1113.00,288.00,115.50,319.50,-1,1,-1,-1
21,3,1116.00,292.50,112.50,315.00,-1,1,-1,-1
22,3,1126.50,292.50,109.50,304.50,-1,1,-1,-1
23,3,1134.00,301.50,99.00,297.00,-1,1,-1,-1
24,3,1129.50,288.00,108.00,321.00,-1,1,-1,-1
25,3,1126.50,295.50,111.00,306.00,-1,1,-1,-1
26,3,1122.00,295.50,124.50,306.00,-1,1,-1,-1
27,3,1119.00,295.50,123.00,304.50,-1,1,-1,-1
28,3,1125.00,301.50,118.50,298.50,-1,1,-1,-1
29,3,1137.00,303.00,109.50,300.00,-1,1,-1,-1
30,3,1134.00,300.00,115.50,300.00,-1,1,-1,-1
31,3,1140.00,306.00,112.50,294.00,-1,1,-1,-1
32,3,1135.50,307.50,115.50,292.50,-1,1,-1,-1
33,3,1137.00,306.00,115.50,295.50,-1,1,-1,-1
34,3,1147.50,309.00,100.50,291.00,-1,1,-1,-1
35,3,1135.50,306.00,126.00,294.00,-1,1,-1,-1
36,3,1146.00,310.50,118.50,291.00,-1,1,-1,-1
37,3,1144.50,306.00,115.50,291.00,-1,1,-1,-1
38,3,1152.00,310.50,120.00,298.50,-1,1,-1,-1
39,3,1147.50,318.00,127.50,292.50,-1,1,-1,-1
40,3,1155.00,318.00,120.00,279.00,-1,1,-1,-1
41,3,1150.50,310.50,127.50,298.50,-1,1,-1,-1
42,3,1146.00,318.00,141.00,294.00,-1,1,-1,-1
43,3,1140.00,325.50,156.00,283.50,-1,1,-1,-1
44,3,1144.50,331.50,151.50,283.50,-1,1,-1,-1
45,3,1156.50,325.50,136.50,289.50,-1,1,-1,-1
46,3,1150.50,321.00,159.00,307.50,-1,1,-1,-1
47,3,1159.50,328.50,141.00,279.00,-1,1,-1,-1
48,3,1159.50,334.50,150.00,274.50,-1,1,-1,-1
49,3,1161.00,319.50,145.50,298.50,-1,1,-1,-1
50,3,1156.50,336.00,168.00,276.00,-1,1,-1,-1
51,3,1147.50,330.00,174.00,292.50,-1,1,-1,-1
52,3,1159.50,330.00,171.00,280.50,-1,1,-1,-1
53,3,1170.00,334.50,160.50,294.00,-1,1,-1,-1
54,3,1165.50,336.00,171.00,288.00,-1,1,-1,-1
55,3,1174.50,331.50,160.50,288.00,-1,1,-1,-1
56,3,1191.00,334.50,153.00,276.00,-1,1,-1,-1
57,3,1197.00,336.00,145.50,288.00,-1,1,-1,-1
58,3,1204.50,342.00,142.50,297.00,-1,1,-1,-1
59,3,1224.00,349.50,136.50,282.00,-1,1,-1,-1
60,3,1239.00,337.50,124.50,289.50,-1,1,-1,-1
61,3,1243.50,342.00,121.50,286.50,-1,1,-1,-1
62,3,1248.00,343.50,118.50,274.50,-1,1,-1,-1
63,3,1242.00,351.00,136.50,291.00,-1,1,-1,-1
64,3,1243.50,345.00,142.50,301.50,-1,1,-1,-1
65,3,1248.00,354.00,133.50,291.00,-1,1,-1,-1
66,3,1255.50,352.50,124.50,304.50,-1,1,-1,-1
67,3,1254.00,354.00,141.00,297.00,-1,1,-1,-1
68,3,1269.00,360.00,129.00,282.00,-1,1,-1,-1
69,3,1260.00,366.00,144.00,285.00,-1,1,-1,-1
70,3,1273.50,364.50,145.50,289.50,-1,1,-1,-1
71,3,1288.50,367.50,132.00,298.50,-1,1,-1,-1
72,3,1296.00,363.00,136.50,306.00,-1,1,-1,-1
73,3,1285.50,370.50,159.00,321.00,-1,1,-1,-1
74,3,1279.50,372.00,165.00,324.00,-1,1,-1,-1
75,3,1287.00,376.50,175.50,316.50,-1,1,-1,-1
76,3,1309.50,370.50,151.50,303.00,-1,1,-1,-1
77,3,1314.00,372.00,147.00,318.00,-1,1,-1,-1
78,3,1309.50,370.50,157.50,342.00,-1,1,-1,-1
79,3,1311.00,372.00,168.00,339.00,-1,1,-1,-1
80,3,1318.50,375.00,147.00,327.00,-1,1,-1,-1
81,3,1332.00,369.00,148.50,331.50,-1,1,-1,-1
82,3,1344.00,375.00,132.00,321.00,-1,1,-1,-1
83,3,1339.50,387.00,141.00,298.50,-1,1,-1,-1
84,3,1345.50,385.50,129.00,303.00,-1,1,-1,-1
85,3,1345.50,382.50,144.00,307.50,-1,1,-1,-1
86,3,1366.50,379.50,132.00,316.50,-1,1,-1,-1
87,3,1360.50,381.00,133.50,328.50,-1,1,-1,-1
88,3,1363.50,393.00,133.50,312.00,-1,1,-1,-1
89,3,1357.50,393.00,150.00,330.00,-1,1,-1,-1
90,3,1368.00,393.00,142.50,312.00,-1,1,-1,-1
91,3,1368.00,381.00,151.50,331.50,-1,1,-1,-1
92,3,1368.00,379.50,159.00,340.50,-1,1,-1,-1
93,3,1362.00,394.50,163.50,316.50,-1,1,-1,-1
94,3,1357.50,396.00,186.00,315.00,-1,1,-1,-1
95,3,1386.00,402.00,157.50,304.50,-1,1,-1,-1
96,3,1375.50,388.50,174.00,319.50,-1,1,-1,-1
97,3,1371.00,396.00,178.50,297.00,-1,1,-1,-1
98,3,1380.00,396.00,183.00,313.50,-1,1,-1,-1
99,3,1405.50,400.50,156.00,298.50,-1,1,-1,-1
100,3,1419.00,400.50,154.50,315.00,-1,1,-1,-1
101,3,1437.00,399.00,148.50,322.50,-1,1,-1,-1
102,3,1440.00,400.50,145.50,327.00,-1,1,-1,-1
103,3,1443.00,415.50,151.50,294.00,-1,1,-1,-1
104,3,1449.00,412.50,147.00,297.00,-1,1,-1,-1
105,3,1438.50,411.00,157.50,301.50,-1,1,-1,-1
106,3,1449.00,418.50,160.50,292.50,-1,1,-1,-1
107,3,1458.00,418.50,156.00,298.50,-1,1,-1,-1
108,3,1452.00,414.00,165.00,300.00,-1,1,-1,-1
109,3,1453.50,415.50,168.00,298.50,-1,1,-1,-1
110,3,1452.00,418.50,171.00,303.00,-1,1,-1,-1
111,3,1464.00,421.50,165.00,301.50,-1,1,-1,-1
112,3,1474.50,423.00,165.00,307.50,-1,1,-1,-1
113,3,1465.50,415.50,178.50,321.00,-1,1,-1,-1
114,3,1474.50,414.00,175.50,321.00,-1,1,-1,-1
115,3,1471.50,420.00,189.00,327.00,-1,1,-1,-1
116,3,1488.00,418.50,171.00,334.50,-1,1,-1,-1
117,3,1512.00,438.00,154.50,327.00,-1,1,-1,-1
118,3,1524.00,438.00,151.50,325.50,-1,1,-1,-1
119,3,1528.50,442.50,151.50,324.00,-1,1,-1,-1
120,3,1530.00,445.50,153.00,321.00,-1,1,-1,-1
121,3,1530.00,448.50,162.00,319.50,-1,1,-1,-1
122,3,1540.50,447.00,154.50,313.50,-1,1,-1,-1
123,3,1549.50,447.00,154.50,322.50,-1,1,-1,-1
124,3,1542.00,448.50,169.50,313.50,-1,1,-1,-1
125,3,1542.00,459.00,169.50,298.50,-1,1,-1,-1
126,3,1563.00,445.50,157.50,313.50,-1,1,-1,-1
127,3,1564.50,457.50,156.00,301.50,-1,1,-1,-1
128,3,1563.00,462.00,168.00,306.00,-1,1,-1,-1
129,3,1575.00,460.50,160.50,309.00,-1,1,-1,-1
130,3,1570.50,460.50,168.00,313.50,-1,1,-1,-1
131,3,1579.50,454.50,168.00,321.00,-1,1,-1,-1
132,3,1590.00,471.00,156.00,309.00,-1,1,-1,-1
133,3,1590.00,474.00,165.00,300.00,-1,1,-1,-1
134,3,1593.00,477.00,163.50,312.00,-1,1,-1,-1
135,3,1591.50,468.00,174.00,310.50,-1,1,-1,-1
136,3,1596.00,475.50,171.00,313.50,-1,1,-1,-1
137,3,1602.00,477.00,165.00,301.50,-1,1,-1,-1
138,3,1620.00,481.50,160.50,309.00,-1,1,-1,-1
139,3,1594.50,469.50,192.00,312.00,-1,1,-1,-1
140,3,1605.00,477.00,180.00,313.50,-1,1,-1,-1
141,3,1606.50,487.50,186.00,315.00,-1,1,-1,-1
142,3,1629.00,489.00,166.50,310.50,-1,1,-1,-1
143,3,1648.50,480.00,160.50,307.50,-1,1,-1,-1
144,3,1654.50,481.50,154.50,319.50,-1,1,-1,-1
145,3,1653.00,478.50,165.00,340.50,-1,1,-1,-1
146,3,1662.00,489.00,151.50,313.50,-1,1,-1,-1
147,3,1666.50,504.00,156.00,283.50,-1,1,-1,-1
148,3,1672.50,495.00,159.00,304.50,-1,1,-1,-1
149,3,1672.50,498.00,150.00,312.00,-1,1,-1,-1
150,3,1674.00,499.50,157.50,304.50,-1,1,-1,-1
151,3,1678.50,504.00,154.50,301.50,-1,1,-1,-1
152,3,1681.50,502.50,160.50,309.00,-1,1,-1,-1
153,3,1678.50,504.00,163.50,301.50,-1,1,-1,-1
154,3,1680.00,508.50,165.00,306.00,-1,1,-1,-1
155,3,1666.50,507.00,184.50,310.50,-1,1,-1,-1
156,3,1674.00,516.00,175.50,297.00,-1,1,-1,-1
157,3,1677.00,519.00,174.00,297.00,-1,1,-1,-1
158,3,1672.50,519.00,186.00,328.50,-1,1,-1,-1
159,3,1696.50,513.00,162.00,324.00,-1,1,-1,-1
160,3,1693.50,526.50,168.00,301.50,-1,1,-1,-1
161,3,1678.50,516.00,187.50,330.00,-1,1,-1,-1
162,3,1695.00,526.50,172.50,349.50,-1,1,-1,-1
163,3,1690.50,528.00,172.50,339.00,-1,1,-1,-1
164,3,1699.50,526.50,166.50,348.00,-1,1,-1,-1
165,3,1696.50,534.00,169.50,324.00,-1,1,-1,-1
166,3,1702.50,535.50,165.00,349.50,-1,1,-1,-1
167,3,1701.00,535.50,169.50,343.50,-1,1,-1,-1
168,3,1723.50,537.00,153.00,307.50,-1,1,-1,-1
169,3,1740.00,528.00,150.00,316.50,-1,1,-1,-1
170,3,1728.00,528.00,151.50,321.00,-1,1,-1,-1
171,3,1728.00,541.50,151.50,297.00,-1,1,-1,-1
172,3,1737.00,535.50,151.50,321.00,-1,1,-1,-1
173,3,1726.50,528.00,163.50,331.50,-1,1,-1,-1
174,3,1731.00,540.00,163.50,313.50,-1,1,-1,-1
175,3,1743.00,529.50,153.00,343.50,-1,1,-1,-1
176,3,1737.00,534.00,154.50,319.50,-1,1,-1,-1
177,3,1755.00,541.50,150.00,304.50,-1,1,-1,-1
178,3,1752.00,540.00,153.00,313.50,-1,1,-1,-1
179,3,1737.00,535.50,166.50,312.00,-1,1,-1,-1
180,3,1750.50,537.00,153.00,330.00,-1,1,-1,-1
181,3,1735.50,526.50,175.50,345.00,-1,1,-1,-1
182,3,1753.50,525.00,151.50,351.00,-1,1,-1,-1
183,3,1741.50,534.00,165.00,342.00,-1,1,-1,-1
184,3,1749.00,529.50,168.00,345.00,-1,1,-1,-1
185,3,1752.00,540.00,151.50,304.50,-1,1,-1,-1
186,3,1753.50,537.00,150.00,321.00,-1,1,-1,-1
187,3,1743.00,534.00,163.50,322.50,-1,1,-1,-1
188,3,1747.50,535.50,166.50,313.50,-1,1,-1,-1
189,3,1749.00,543.00,159.00,306.00,-1,1,-1,-1
190,3,1741.50,537.00,168.00,334.50,-1,1,-1,-1
191,3,1720.50,520.50,189.00,321.00,-1,1,-1,-1
192,3,1735.50,528.00,171.00,324.00,-1,1,-1,-1
193,3,1746.00,529.50,159.00,327.00,-1,1,-1,-1
194,3,1747.50,532.50,156.00,339.00,-1,1,-1,-1
195,3,1725.00,531.00,178.50,327.50,-1,1,-1,-1
196,3,1734.00,532.50,166.50,320.50,-1,1,-1,-1
197,3,1741.50,531.00,163.50,315.00,-1,1,-1,-1
198,3,1750.50,525.00,154.50,328.50,-1,1,-1,-1
199,3,1743.00,537.00,165.00,330.00,-1,1,-1,-1
200,3,1740.00,526.50,163.50,351.00,-1,1,-1,-1
201,3,1743.00,529.50,151.50,346.50,-1,1,-1,-1
202,3,1723.50,520.50,169.50,351.00,-1,1,-1,-1
203,3,1732.50,523.50,163.50,337.50,-1,1,-1,-1
204,3,1723.50,525.00,169.50,331.50,-1,1,-1,-1
205,3,1723.50,516.00,169.50,328.50,-1,1,-1,-1
206,3,1710.00,519.00,175.50,316.50,-1,1,-1,-1
207,3,1702.50,520.50,175.50,339.00,-1,1,-1,-1
208,3,1723.50,520.50,144.00,339.00,-1,1,-1,-1
209,3,1704.00,511.50,165.00,348.00,-1,1,-1,-1
210,3,1692.00,523.50,169.50,321.50,-1,1,-1,-1
211,3,1696.50,513.00,169.50,320.00,-1,1,-1,-1
212,3,1696.50,513.00,166.50,363.00,-1,1,-1,-1
213,3,1696.50,504.00,162.00,372.00,-1,1,-1,-1
214,3,1692.00,505.50,168.00,334.00,-1,1,-1,-1
215,3,1680.00,505.50,169.50,322.00,-1,1,-1,-1
216,3,1692.00,493.50,156.00,327.00,-1,1,-1,-1
217,3,1684.50,501.00,159.00,322.50,-1,1,-1,-1
218,3,1683.00,496.50,162.00,319.50,-1,1,-1,-1
219,3,1662.00,498.00,174.00,320.50,-1,1,-1,-1
220,3,1662.00,490.50,177.00,316.50,-1,1,-1,-1
221,3,1666.50,498.00,177.00,312.00,-1,1,-1,-1
222,3,1669.50,501.00,162.00,316.50,-1,1,-1,-1
223,3,1662.00,499.50,169.50,315.00,-1,1,-1,-1
224,3,1645.50,493.50,175.50,312.00,-1,1,-1,-1
225,3,1621.50,483.00,199.50,312.00,-1,1,-1,-1
226,3,1605.00,493.50,211.50,309.00,-1,1,-1,-1
227,3,1618.50,496.50,195.00,304.50,-1,1,-1,-1
228,3,1605.00,484.50,201.00,343.50,-1,1,-1,-1
229,3,1602.00,486.00,207.00,318.00,-1,1,-1,-1
230,3,1597.50,492.00,204.00,316.50,-1,1,-1,-1
231,3,1599.00,496.50,198.00,309.00,-1,1,-1,-1
232,3,1602.00,499.50,177.00,282.00,-1,1,-1,-1
233,3,1591.50,486.00,195.00,315.00,-1,1,-1,-1
234,3,1590.00,486.00,189.00,292.50,-1,1,-1,-1
235,3,1591.50,486.00,190.50,289.50,-1,1,-1,-1
236,3,1593.00,486.00,180.00,306.00,-1,1,-1,-1
237,3,1594.50,492.00,166.50,300.00,-1,1,-1,-1
238,3,1591.50,481.50,180.00,304.50,-1,1,-1,-1
239,3,1564.50,472.50,205.50,324.00,-1,1,-1,-1
240,3,1588.50,472.50,184.50,315.00,-1,1,-1,-1
241,3,1575.00,465.00,162.00,325.50,-1,1,-1,-1
242,3,1576.50,472.50,160.50,306.00,-1,1,-1,-1
243,3,1593.00,468.00,136.50,301.50,-1,1,-1,-1
244,3,1593.00,462.00,144.00,310.50,-1,1,-1,-1
245,3,1576.50,465.00,142.50,304.50,-1,1,-1,-1
246,3,1561.50,469.50,159.00,303.00,-1,1,-1,-1
247,3,1569.00,463.50,148.50,307.50,-1,1,-1,-1
248,3,1567.50,466.50,145.50,300.00,-1,1,-1,-1
249,3,1566.00,457.50,153.00,312.00,-1,1,-1,-1
250,3,1566.00,465.00,139.50,297.00,-1,1,-1,-1
251,3,1551.00,456.00,153.00,315.00,-1,1,-1,-1
252,3,1556.50,463.50,151.50,297.00,-1,1,-1,-1
253,3,1557.50,453.00,147.00,309.50,-1,1,-1,-1
254,3,1553.50,444.00,130.50,307.00,-1,1,-1,-1
255,3,1557.00,457.50,144.00,309.00,-1,1,-1,-1
256,3,1551.00,447.00,136.50,309.50,-1,1,-1,-1
257,3,1557.50,441.00,151.50,305.00,-1,1,-1,-1
258,3,1550.00,444.00,162.00,305.00,-1,1,-1,-1
259,3,1554.50,447.00,148.50,309.50,-1,1,-1,-1
260,3,1550.00,439.50,151.50,303.00,-1,1,-1,-1
261,3,1499.00,439.50,151.50,303.00,-1,1,-1,-1
262,3,1483.50,436.50,163.50,304.50,-1,1,-1,-1
263,3,1486.50,429.00,136.50,309.00,-1,1,-1,-1
264,3,1494.00,426.00,132.00,303.50,-1,1,-1,-1
265,3,1483.50,426.00,147.00,309.00,-1,1,-1,-1
266,3,1482.00,418.50,145.50,307.00,-1,1,-1,-1
267,3,1477.50,427.50,153.00,305.50,-1,1,-1,-1
268,3,1447.50,420.00,162.00,303.50,-1,1,-1,-1
269,3,1447.50,423.00,171.00,309.50,-1,1,-1,-1
270,3,1449.00,417.00,154.50,305.00,-1,1,-1,-1
271,3,1438.50,421.50,157.50,300.00,-1,1,-1,-1
272,3,1422.00,409.50,169.50,322.50,-1,1,-1,-1
273,3,1405.50,411.00,171.00,321.00,-1,1,-1,-1
274,3,1381.50,418.50,202.50,310.50,-1,1,-1,-1
275,3,1386.00,421.50,195.00,304.50,-1,1,-1,-1
276,3,1378.50,424.50,193.50,291.00,-1,1,-1,-1
277,3,1359.00,436.50,213.00,289.50,-1,1,-1,-1
278,3,1357.50,424.50,207.00,303.00,-1,1,-1,-1
279,3,1354.50,418.50,217.50,310.50,-1,1,-1,-1
280,3,1357.50,424.50,187.50,304.50,-1,1,-1,-1
281,3,1369.50,415.50,181.50,312.00,-1,1,-1,-1
282,3,1357.50,418.50,183.00,294.00,-1,1,-1,-1
283,3,1348.50,417.00,184.50,303.00,-1,1,-1,-1
284,3,1345.50,411.00,186.00,301.50,-1,1,-1,-1
285,3,1357.50,417.00,166.50,306.00,-1,1,-1,-1
286,3,1339.50,411.00,180.00,292.50,-1,1,-1,-1
287,3,1348.50,414.00,180.00,289.50,-1,1,-1,-1
288,3,1338.00,412.50,159.00,288.00,-1,1,-1,-1
289,3,1336.50,402.00,160.50,303.00,-1,1,-1,-1
290,3,1330.50,406.50,153.00,292.50,-1,1,-1,-1
291,3,1329.00,417.00,163.50,289.50,-1,1,-1,-1
292,3,1315.50,396.00,165.00,309.00,-1,1,-1,-1
293,3,1309.50,405.00,174.00,303.00,-1,1,-1,-1
294,3,1326.00,402.00,142.50,298.50,-1,1,-1,-1
295,3,1314.00,397.50,145.50,297.00,-1,1,-1,-1
296,3,1300.50,403.50,156.00,286.50,-1,1,-1,-1
297,3,1300.50,391.50,148.50,307.50,-1,1,-1,-1
298,3,1296.00,397.50,148.50,339.00,-1,1,-1,-1
299,3,1287.00,391.50,151.50,307.50,-1,1,-1,-1
300,3,1279.50,396.00,166.50,312.00,-1,1,-1,-1
301,3,1294.50,402.00,151.50,291.00,-1,1,-1,-1
302,3,1275.00,378.00,165.00,319.50,-1,1,-1,-1
303,3,1269.00,381.00,163.50,327.00,-1,1,-1,-1
304,3,1245.00,373.50,183.00,319.50,-1,1,-1,-1
305,3,1239.00,366.00,177.00,334.50,-1,1,-1,-1
306,3,1248.00,370.50,175.50,331.50,-1,1,-1,-1
307,3,1257.00,367.50,157.50,319.50,-1,1,-1,-1
308,3,1254.00,364.50,165.00,322.50,-1,1,-1,-1
309,3,1233.00,366.00,168.00,306.00,-1,1,-1,-1
310,3,1215.00,331.50,183.00,334.50,-1,1,-1,-1
311,3,1219.50,358.50,189.00,310.50,-1,1,-1,-1
312,3,1227.00,357.00,171.00,309.00,-1,1,-1,-1
313,3,1230.00,363.00,162.00,303.00,-1,1,-1,-1
314,3,1225.50,370.50,174.00,310.50,-1,1,-1,-1
315,3,1221.00,363.00,162.00,291.00,-1,1,-1,-1
316,3,1203.00,351.00,181.50,334.50,-1,1,-1,-1
317,3,1198.50,363.00,166.50,288.00,-1,1,-1,-1
318,3,1200.00,348.00,165.00,316.50,-1,1,-1,-1
319,3,1185.00,349.50,171.00,288.00,-1,1,-1,-1
320,3,1180.50,354.00,177.00,297.00,-1,1,-1,-1
321,3,1173.00,358.50,187.50,303.00,-1,1,-1,-1
322,3,1167.00,349.50,184.50,297.00,-1,1,-1,-1
323,3,1164.00,351.00,195.00,295.50,-1,1,-1,-1
324,3,1159.50,346.50,192.00,280.50,-1,1,-1,-1
325,3,1171.50,346.50,175.50,295.50,-1,1,-1,-1
326,3,1171.50,345.00,172.50,307.50,-1,1,-1,-1
327,3,1156.50,343.50,175.50,322.50,-1,1,-1,-1
328,3,1156.50,339.00,159.00,289.50,-1,1,-1,-1
329,3,1138.50,345.00,181.50,288.00,-1,1,-1,-1
330,3,1144.50,334.50,165.00,280.50,-1,1,-1,-1
331,3,1147.50,337.50,169.50,279.00,-1,1,-1,-1
332,3,1153.50,340.50,166.50,268.50,-1,1,-1,-1
333,3,1137.00,342.00,195.00,279.00,-1,1,-1,-1
334,3,1140.00,328.50,166.50,297.00,-1,1,-1,-1
335,3,1126.50,327.00,180.00,288.00,-1,1,-1,-1
336,3,1137.00,328.50,157.50,292.50,-1,1,-1,-1
337,3,1110.00,328.50,175.50,274.50,-1,1,-1,-1
338,3,1135.50,321.00,139.50,291.00,-1,1,-1,-1
339,3,1131.00,327.00,139.50,283.50,-1,1,-1,-1
340,3,1143.00,324.00,124.50,306.00,-1,1,-1,-1
341,3,1128.00,330.00,148.50,273.00,-1,1,-1,-1
342,3,1119.00,321.00,141.00,300.00,-1,1,-1,-1
343,3,1114.50,324.00,153.00,294.00,-1,1,-1,-1
344,3,1119.00,315.00,139.50,321.00,-1,1,-1,-1
345,3,1116.00,316.50,132.00,307.50,-1,1,-1,-1
346,3,1117.50,309.00,136.50,316.50,-1,1,-1,-1
347,3,1104.00,301.50,148.50,306.00,-1,1,-1,-1
348,3,1089.00,295.50,153.00,315.00,-1,1,-1,-1
349,3,1087.50,303.00,148.50,298.50,-1,1,-1,-1
350,3,1086.00,307.50,147.00,300.00,-1,1,-1,-1
351,3,1093.50,298.50,145.50,300.00,-1,1,-1,-1
352,3,1090.50,285.00,139.50,306.00,-1,1,-1,-1
353,3,1098.00,294.00,135.00,295.50,-1,1,-1,-1
354,3,1101.00,298.50,130.50,279.00,-1,1,-1,-1
355,3,1086.00,283.50,124.50,288.00,-1,1,-1,-1
356,3,1084.50,282.00,127.50,288.00,-1,1,-1,-1
357,3,1074.00,286.50,142.50,288.00,-1,1,-1,-1
358,3,1077.00,280.50,138.00,297.00,-1,1,-1,-1
1,4,1306.8475,201.9711,133.3694,262.2414,-1,1,-1,-1
2,4,1308.2814,200.0956,131.8678,261.7592,-1,1,-1,-1
3,4,1311.7161,199.7799,129.0876,261.4126,-1,1,-1,-1
4,4,1314.3129,198.3403,126.943,261.1532,-1,1,-1,-1
5,4,1319.4144,202.8076,120.0952,257.5227,-1,1,-1,-1
6,4,1321.1703,201.3019,116.9747,259.8246,-1,1,-1,-1
7,4,1319.3573,202.9115,119.6096,257.8416,-1,1,-1,-1
8,4,1318.5806,202.4109,119.8099,258.9297,-1,1,-1,-1
9,4,1318.8282,202.2518,119.2846,259.104,-1,1,-1,-1
10,4,1319.9163,202.6237,118.0258,258.6952,-1,1,-1,-1
11,4,1319.9303,202.2085,118.4675,259.6887,-1,1,-1,-1
12,4,1322.1134,196.8315,114.0667,256.4071,-1,1,-1,-1
13,4,1317.7821,204.9663,123.1375,258.9729,-1,1,-1,-1
14,4,1319.7692,204.9018,120.5338,259.1165,-1,1,-1,-1
15,4,1319.8641,205.8822,120.623,256.934,-1,1,-1,-1
16,4,1317.8011,203.5015,124.363,258.7368,-1,1,-1,-1
17,4,1317.441,203.4753,124.2826,259.436,-1,1,-1,-1
18,4,1317.3804,204.1804,123.8625,258.2999,-1,1,-1,-1
19,4,1314.6034,205.2971,125.7184,254.8531,-1,1,-1,-1
20,4,1316.1847,204.7197,124.6016,255.9922,-1,1,-1,-1
21,4,1314.9026,204.6597,126.244,257.3294,-1,1,-1,-1
22,4,1316.2683,203.1104,124.1405,257.878,-1,1,-1,-1
23,4,1315.0718,204.2305,126.0669,257.1005,-1,1,-1,-1
24,4,1316.9679,204.3085,123.4551,256.4363,-1,1,-1,-1
25,4,1323.0343,198.91,114.7484,255.7085,-1,1,-1,-1
26,4,1320.5648,197.759,117.1124,255.7454,-1,1,-1,-1
27,4,1319.9862,201.4498,119.9235,259.9455,-1,1,-1,-1
28,4,1319.101,200.2884,121.4127,261.6983,-1,1,-1,-1
29,4,1319.0005,200.5363,120.37,260.6732,-1,1,-1,-1
30,4,1317.1472,201.8307,122.8201,259.0322,-1,1,-1,-1
31,4,1317.5216,202.6208,121.9066,258.5656,-1,1,-1,-1
32,4,1316.4323,204.0183,122.5332,257.0569,-1,1,-1,-1
33,4,1317.1907,201.3853,120.9093,260.6262,-1,1,-1,-1
34,4,1321.9331,197.4417,113.953,259.7441,-1,1,-1,-1
35,4,1319.9165,198.5003,116.2394,258.9846,-1,1,-1,-1
36,4,1320.7803,197.7345,115.2842,258.5259,-1,1,-1,-1
37,4,1320.1857,193.9541,116.8774,262.5061,-1,1,-1,-1
38,4,1319.0277,196.6378,118.0535,260.0972,-1,1,-1,-1
39,4,1322.8188,194.0881,113.2758,261.2769,-1,1,-1,-1
40,4,1322.6901,194.62,113.6884,262.2068,-1,1,-1,-1
41,4,1322.9236,195.917,113.336,260.6096,-1,1,-1,-1
42,4,1320.8121,200.4562,117.396,262.4686,-1,1,-1,-1
43,4,1320.976,199.6772,117.3175,264.5762,-1,1,-1,-1
44,4,1320.5917,200.6977,116.8628,263.5643,-1,1,-1,-1
45,4,1320.5511,202.0168,117.5629,260.7037,-1,1,-1,-1
46,4,1320.1041,202.9682,117.5409,260.0207,-1,1,-1,-1
47,4,1321.5936,203.0157,116.6035,258.7413,-1,1,-1,-1
48,4,1320.0428,203.5736,117.5826,260.4007,-1,1,-1,-1
49,4,1325.0588,203.2825,113.729,260.1902,-1,1,-1,-1
50,4,1323.4019,205.1438,108.746,253.2526,-1,1,-1,-1
51,4,1327.1348,203.5316,109.5533,259.7489,-1,1,-1,-1
52,4,1330.1771,204.3199,106.0471,260.5991,-1,1,-1,-1
53,4,1326.7866,204.0474,109.4562,261.3527,-1,1,-1,-1
54,4,1328.983,206.1452,106.6994,257.5417,-1,1,-1,-1
55,4,1333.2635,207.9665,102.8323,257.3079,-1,1,-1,-1
56,4,1332.7042,208.7086,103.506,257.0565,-1,1,-1,-1
57,4,1328.723,209.018,108.0666,254.5759,-1,1,-1,-1
58,4,1333.0273,210.1445,104.7919,256.6743,-1,1,-1,-1
59,4,1331.6356,212.3112,106.2827,254.0026,-1,1,-1,-1
60,4,1333.2388,210.4237,104.2313,253.0834,-1,1,-1,-1
61,4,1335.5388,209.6385,99.0148,257.3755,-1,1,-1,-1
62,4,1340.4812,211.3219,93.7758,257.0662,-1,1,-1,-1
63,4,1337.3555,211.0052,97.8235,252.9053,-1,1,-1,-1
64,4,1340.668,212.6803,92.5721,255.7608,-1,1,-1,-1
65,4,1332.6719,211.4628,100.3816,249.647,-1,1,-1,-1
66,4,1336.6119,210.9703,95.946,248.7863,-1,1,-1,-1
67,4,1339.2727,210.4048,94.2664,255.675,-1,1,-1,-1
68,4,1338.8328,210.2976,95.8996,252.3072,-1,1,-1,-1
69,4,1342.974,209.0853,93.0221,257.4387,-1,1,-1,-1
70,4,1342.3552,210.5127,91.667,250.5608,-1,1,-1,-1
71,4,1342.0494,210.278,90.8547,170.4195,-1,1,-1,-1
72,4,1337.7067,208.1219,97.139,170.8737,-1,1,-1,-1
73,4,1339.1565,208.8165,96.5566,179.9262,-1,1,-1,-1
74,4,1337.9181,208.5955,96.8479,180.1396,-1,1,-1,-1
75,4,1336.3805,209.1501,96.9578,183.9031,-1,1,-1,-1
76,4,1336.2461,210.0337,94.1953,217.2559,-1,1,-1,-1
77,4,1335.5056,208.398,92.6502,221.46,-1,1,-1,-1
78,4,1332.3812,208.6424,96.4176,228.1517,-1,1,-1,-1
79,4,1332.5723,209.0848,96.227,230.0471,-1,1,-1,-1
80,4,1333.3168,209.0785,98.306,232.263,-1,1,-1,-1
81,4,1336.5848,207.237,94.5144,233.8409,-1,1,-1,-1
82,4,1339.2255,206.5924,91.9845,235.858,-1,1,-1,-1
83,4,1338.0472,206.3068,93.6498,238.4994,-1,1,-1,-1
84,4,1337.7104,207.2812,93.2148,237.4736,-1,1,-1,-1
85,4,1338.0349,206.5365,94.6404,239.8893,-1,1,-1,-1
86,4,1341.9946,205.335,91.0531,243.7496,-1,1,-1,-1
87,4,1338.2043,204.4487,96.0706,251.1342,-1,1,-1,-1
88,4,1337.5782,205.0258,98.0135,260.7672,-1,1,-1,-1
89,4,1337.3853,206.0707,99.3975,258.7136,-1,1,-1,-1
90,4,1334.3739,206.4504,101.4279,256.687,-1,1,-1,-1
91,4,1335.6996,206.1796,101.3385,257.6204,-1,1,-1,-1
92,4,1335.5046,206.208,101.3227,256.5321,-1,1,-1,-1
93,4,1335.8792,205.6802,99.374,248.8484,-1,1,-1,-1
94,4,1330.7914,205.8147,107.0199,255.1368,-1,1,-1,-1
95,4,1334.2072,206.4393,102.9865,255.1401,-1,1,-1,-1
96,4,1335.0649,206.5766,102.6327,253.8767,-1,1,-1,-1
97,4,1330.3492,205.5259,108.2223,256.4028,-1,1,-1,-1
98,4,1330.4557,203.2858,109.4149,261.0001,-1,1,-1,-1
99,4,1332.1414,204.842,107.3878,258.4767,-1,1,-1,-1
100,4,1333.3875,205.297,105.4599,256.3669,-1,1,-1,-1
101,4,1334.6545,204.51,104.4828,259.7576,-1,1,-1,-1
102,4,1337.7622,202.6075,99.1813,261.0087,-1,1,-1,-1
103,4,1337.5405,202.0081,98.8334,260.0099,-1,1,-1,-1
104,4,1336.8813,201.8345,100.3022,260.3107,-1,1,-1,-1
105,4,1336.3328,201.4627,101.0254,259.3866,-1,1,-1,-1
106,4,1337.3307,203.0721,98.6062,253.0232,-1,1,-1,-1
107,4,1337.0521,203.3038,98.7022,253.2145,-1,1,-1,-1
108,4,1337.5784,202.9325,98.2973,253.2065,-1,1,-1,-1
109,4,1334.2156,205.3222,103.4438,257.8853,-1,1,-1,-1
110,4,1336.3529,202.495,99.0132,253.9019,-1,1,-1,-1
111,4,1336.4663,203.2685,99.9575,254.7432,-1,1,-1,-1
112,4,1334.4633,202.6001,101.4711,253.9129,-1,1,-1,-1
113,4,1334.7406,202.6244,100.7023,251.5287,-1,1,-1,-1
114,4,1337.5637,203.3123,99.6605,253.5572,-1,1,-1,-1
115,4,1338.5299,202.5441,98.6901,252.869,-1,1,-1,-1
116,4,1334.0486,204.3501,105.8304,257.4021,-1,1,-1,-1
117,4,1339.4871,203.1929,96.979,250.1921,-1,1,-1,-1
118,4,1339.0616,204.154,97.1263,250.897,-1,1,-1,-1
119,4,1338.594,204.5358,98.4877,253.0332,-1,1,-1,-1
120,4,1339.167,204.7775,97.381,252.9968,-1,1,-1,-1
121,4,1337.4221,203.5303,101.1384,254.1172,-1,1,-1,-1
122,4,1337.1719,204.6114,101.071,252.9457,-1,1,-1,-1
123,4,1334.9636,203.2775,104.5321,262.3732,-1,1,-1,-1
124,4,1335.7802,203.8979,102.7708,260.4795,-1,1,-1,-1
125,4,1335.9652,204.5155,103.163,259.6042,-1,1,-1,-1
126,4,1338.8904,201.8066,97.2258,257.4654,-1,1,-1,-1
127,4,1339.1918,201.7594,96.5698,256.4605,-1,1,-1,-1
128,4,1336.5707,205.0401,102.1598,253.6843,-1,1,-1,-1
129,4,1333.4961,204.4922,105.5347,255.7782,-1,1,-1,-1
130,4,1334.9781,204.5488,104.9709,254.4579,-1,1,-1,-1
131,4,1332.8658,204.6796,108.3913,255.8757,-1,1,-1,-1
132,4,1329.5035,203.5773,112.0518,256.488,-1,1,-1,-1
133,4,1330.1677,204.4239,110.2919,258.6407,-1,1,-1,-1
134,4,1330.8048,204.3301,109.6084,258.533,-1,1,-1,-1
135,4,1327.9465,205.4619,112.9544,255.8179,-1,1,-1,-1
136,4,1322.6945,205.2797,118.0262,255.9398,-1,1,-1,-1
137,4,1322.9298,204.8855,117.3217,257.9433,-1,1,-1,-1
138,4,1329.0455,202.7647,111.3806,260.9664,-1,1,-1,-1
139,4,1325.2654,202.7718,114.8166,261.0574,-1,1,-1,-1
140,4,1332.3234,202.6092,107.7422,259.7854,-1,1,-1,-1
141,4,1330.338,201.2501,109.6404,262.093,-1,1,-1,-1
142,4,1329.5488,201.9,110.6292,261.9741,-1,1,-1,-1
143,4,1331.3774,204.2222,108.564,258.5492,-1,1,-1,-1
144,4,1330.6106,203.2699,108.9161,258.6944,-1,1,-1,-1
145,4,1333.4951,201.8082,106.7484,260.3953,-1,1,-1,-1
146,4,1332.2407,202.5992,107.7462,259.0448,-1,1,-1,-1
147,4,1331.8469,201.4196,109.531,260.037,-1,1,-1,-1
148,4,1329.1401,201.7672,112.1289,259.6315,-1,1,-1,-1
149,4,1323.8024,202.9521,118.4216,258.0489,-1,1,-1,-1
150,4,1323.126,201.1224,119.4271,262.1873,-1,1,-1,-1
151,4,1320.8801,202.2632,122.1179,258.7999,-1,1,-1,-1
152,4,1325.261,201.7563,119.0909,257.723,-1,1,-1,-1
153,4,1322.8923,203.2909,120.7409,257.0514,-1,1,-1,-1
154,4,1322.5554,202.945,121.689,255.1921,-1,1,-1,-1
155,4,1323.4236,202.5604,120.0903,254.6393,-1,1,-1,-1
156,4,1324.6517,201.2119,118.2532,255.1903,-1,1,-1,-1
157,4,1320.491,201.8795,124.1076,255.2308,-1,1,-1,-1
158,4,1321.5447,201.4472,123.014,256.0127,-1,1,-1,-1
159,4,1323.8027,201.2934,120.6792,256.5729,-1,1,-1,-1
160,4,1324.8824,201.5675,119.61,256.9399,-1,1,-1,-1
161,4,1324.1365,201.7828,120.7994,255.6909,-1,1,-1,-1
162,4,1324.2826,200.6443,120.3715,257.7244,-1,1,-1,-1
163,4,1325.6738,199.4285,119.4816,260.8414,-1,1,-1,-1
164,4,1325.8655,198.6859,119.0377,261.4158,-1,1,-1,-1
165,4,1325.6045,199.7534,117.4277,262.2544,-1,1,-1,-1
166,4,1325.5026,201.0921,117.8459,261.7295,-1,1,-1,-1
167,4,1325.1509,201.9871,118.0608,259.5804,-1,1,-1,-1
168,4,1324.4473,202.4657,118.535,260.6847,-1,1,-1,-1
169,4,1325.1747,202.021,117.2543,260.5943,-1,1,-1,-1
170,4,1326.7849,201.3555,115.0418,261.8661,-1,1,-1,-1
171,4,1327.7191,201.7358,113.0562,262.0617,-1,1,-1,-1
172,4,1328.1953,201.0192,112.6366,261.7246,-1,1,-1,-1
173,4,1327.5092,200.2999,114.5373,263.7414,-1,1,-1,-1
174,4,1328.155,199.0605,113.3341,264.0778,-1,1,-1,-1
175,4,1327.0718,198.8665,114.4261,263.9403,-1,1,-1,-1
176,4,1325.6508,199.5907,115.2686,262.1824,-1,1,-1,-1
177,4,1327.5042,194.9372,111.2169,259.9487,-1,1,-1,-1
178,4,1326.8391,199.0463,115.1223,263.7145,-1,1,-1,-1
179,4,1329.2013,197.5898,113.6315,265.7736,-1,1,-1,-1
180,4,1328.1149,197.1211,116.1439,263.2475,-1,1,-1,-1
181,4,1327.1675,196.094,116.6301,264.3275,-1,1,-1,-1
182,4,1325.7976,195.2084,117.5415,265.8953,-1,1,-1,-1
183,4,1325.5625,196.7213,118.0579,264.8692,-1,1,-1,-1
184,4,1325.8397,191.5645,116.075,264.2898,-1,1,-1,-1
185,4,1327.1967,190.7083,115.3853,264.4682,-1,1,-1,-1
186,4,1326.0612,189.6473,117.1032,264.0742,-1,1,-1,-1
187,4,1324.0226,192.643,122.4211,267.0919,-1,1,-1,-1
188,4,1325.3734,188.3526,119.6427,264.8162,-1,1,-1,-1
189,4,1323.1714,195.5551,123.2828,264.612,-1,1,-1,-1
190,4,1323.2513,194.9476,123.1171,266.3605,-1,1,-1,-1
191,4,1324.2026,192.5524,122.6532,268.3708,-1,1,-1,-1
192,4,1325.1407,191.1637,122.4994,271.5266,-1,1,-1,-1
193,4,1325.4231,195.3912,123.918,263.2122,-1,1,-1,-1
194,4,1323.2598,196.0882,126.3316,261.4303,-1,1,-1,-1
195,4,1319.2737,196.4344,130.8664,260.4265,-1,1,-1,-1
196,4,1322.4364,194.946,128.4888,264.4556,-1,1,-1,-1
197,4,1324.5978,196.5948,126.7147,261.7187,-1,1,-1,-1
198,4,1330.3713,197.8877,122.4084,260.3925,-1,1,-1,-1
199,4,1331.8796,198.0761,120.6278,258.0114,-1,1,-1,-1
200,4,1332.9335,198.021,119.4712,258.7979,-1,1,-1,-1
201,4,1329.0933,197.4903,123.5854,259.3245,-1,1,-1,-1
202,4,1329.5919,197.208,123.3839,259.4283,-1,1,-1,-1
203,4,1325.7128,199.0148,128.3388,257.6613,-1,1,-1,-1
204,4,1335.8827,191.9761,120.9286,257.0602,-1,1,-1,-1
205,4,1338.1088,193.348,119.3855,252.5943,-1,1,-1,-1
206,4,1341.7461,190.9937,112.8058,254.7181,-1,1,-1,-1
207,4,1329.7601,193.2127,125.4833,229.1137,-1,1,-1,-1
208,4,1334.251,191.643,122.9979,247.9578,-1,1,-1,-1
209,4,1330.5221,190.4368,124.3467,234.9808,-1,1,-1,-1
210,4,1326.7156,191.4646,128.1589,226.4514,-1,1,-1,-1
211,4,1321.6084,196.8255,131.8453,248.6343,-1,1,-1,-1
212,4,1323.7006,201.4023,129.8648,247.4589,-1,1,-1,-1
213,4,1326.2964,201.0052,128.8216,248.7808,-1,1,-1,-1
214,4,1326.1074,202.2943,126.8131,248.2363,-1,1,-1,-1
215,4,1324.0546,200.98,131.3581,250.4801,-1,1,-1,-1
216,4,1323.726,200.3865,127.4594,248.8461,-1,1,-1,-1
217,4,1324.7725,196.6077,128.4957,253.7327,-1,1,-1,-1
218,4,1323.6707,196.5761,127.9416,253.3234,-1,1,-1,-1
219,4,1326.342,201.9064,125.7651,251.9992,-1,1,-1,-1
220,4,1324.2285,202.1329,127.5916,251.8796,-1,1,-1,-1
221,4,1327.6589,195.5586,122.3438,256.7805,-1,1,-1,-1
222,4,1325.8958,195.2053,122.0601,260.8305,-1,1,-1,-1
223,4,1325.9968,193.7934,121.5524,262.1705,-1,1,-1,-1
224,4,1327.4684,194.9341,120.1548,262.2275,-1,1,-1,-1
225,4,1325.5929,194.9575,119.7032,262.072,-1,1,-1,-1
226,4,1323.7249,198.6255,122.414,260.6942,-1,1,-1,-1
227,4,1325.776,193.1834,118.547,263.0502,-1,1,-1,-1
228,4,1326.4382,199.5603,119.1492,259.2564,-1,1,-1,-1
229,4,1328.3279,194.4052,115.6349,259.7027,-1,1,-1,-1
230,4,1328.8655,195.7535,111.8835,261.1924,-1,1,-1,-1
231,4,1329.0253,195.8098,111.8042,260.6845,-1,1,-1,-1
232,4,1325.79,201.4869,118.7024,259.5325,-1,1,-1,-1
233,4,1325.7786,200.9364,117.0841,259.9414,-1,1,-1,-1
234,4,1326.9379,200.6989,114.4467,260.5368,-1,1,-1,-1
235,4,1326.1152,201.6576,113.3286,257.5691,-1,1,-1,-1
236,4,1325.2214,201.893,114.1203,257.1762,-1,1,-1,-1
237,4,1324.6359,201.9517,116.7987,258.5982,-1,1,-1,-1
238,4,1325.8561,202.1866,109.7629,257.4828,-1,1,-1,-1
239,4,1323.1311,199.098,112.6078,261.806,-1,1,-1,-1
240,4,1322.6135,199.6256,110.9909,262.1056,-1,1,-1,-1
241,4,1324.0914,201.1662,109.3654,261.058,-1,1,-1,-1
242,4,1325.3408,200.8904,107.7377,260.455,-1,1,-1,-1
243,4,1324.1234,200.9875,111.1072,261.3434,-1,1,-1,-1
244,4,1323.2147,202.9989,112.4201,260.1451,-1,1,-1,-1
245,4,1321.6379,203.8494,114.6593,257.8982,-1,1,-1,-1
246,4,1322.6361,203.7446,114.2166,259.5508,-1,1,-1,-1
247,4,1322.9363,205.0875,113.0373,256.042,-1,1,-1,-1
248,4,1322.3269,204.665,112.4324,255.4839,-1,1,-1,-1
249,4,1321.2773,204.2765,114.387,256.9127,-1,1,-1,-1
250,4,1321.6725,205.0788,114.6363,257.5457,-1,1,-1,-1
251,4,1320.3204,205.0758,118.006,257.5163,-1,1,-1,-1
252,4,1319.635,204.1668,116.8878,258.0032,-1,1,-1,-1
253,4,1318.7853,204.9599,113.0057,251.496,-1,1,-1,-1
254,4,1318.7189,204.3159,114.6722,253.0733,-1,1,-1,-1
255,4,1319.0022,202.5168,115.7524,255.4306,-1,1,-1,-1
256,4,1316.8335,202.0613,120.6023,258.1252,-1,1,-1,-1
257,4,1316.2639,202.2944,118.1962,256.743,-1,1,-1,-1
258,4,1317.4722,201.8769,117.1959,254.4547,-1,1,-1,-1
259,4,1315.9967,202.3331,119.7526,254.2159,-1,1,-1,-1
260,4,1316.5212,202.3198,121.7569,257.1148,-1,1,-1,-1
261,4,1316.1038,201.9908,120.9502,257.5438,-1,1,-1,-1
262,4,1315.6376,201.1369,124.5813,259.6378,-1,1,-1,-1
263,4,1318.6206,200.8234,122.5745,259.5078,-1,1,-1,-1
264,4,1321.592,200.7659,116.7303,258.9671,-1,1,-1,-1
265,4,1324.5034,198.3438,116.8067,264.8893,-1,1,-1,-1
266,4,1326.4052,199.2341,115.6151,264.6137,-1,1,-1,-1
267,4,1327.7822,198.1791,113.7277,264.979,-1,1,-1,-1
268,4,1327.9733,198.241,112.8845,264.1432,-1,1,-1,-1
269,4,1326.3903,200.0109,112.8894,262.2778,-1,1,-1,-1
270,4,1327.139,202.309,108.4893,259.7922,-1,1,-1,-1
271,4,1327.1511,201.4184,108.3258,263.8128,-1,1,-1,-1
272,4,1327.7444,200.1381,99.8989,256.7308,-1,1,-1,-1
273,4,1327.4598,204.1731,104.0308,257.9712,-1,1,-1,-1
274,4,1327.7103,203.8075,104.9218,258.0855,-1,1,-1,-1
275,4,1327.2865,203.4149,104.5149,259.4995,-1,1,-1,-1
276,4,1325.1736,202.3243,109.0362,261.8102,-1,1,-1,-1
277,4,1327.0869,203.6275,104.3268,260.7998,-1,1,-1,-1
278,4,1328.8223,203.7259,103.5798,260.5026,-1,1,-1,-1
279,4,1327.0505,204.5851,106.3299,259.0015,-1,1,-1,-1
280,4,1326.1448,204.0849,109.0803,261.6659,-1,1,-1,-1
281,4,1325.5168,204.0619,111.8197,263.4847,-1,1,-1,-1
282,4,1324.9818,206.905,113.6563,259.5238,-1,1,-1,-1
283,4,1324.6481,206.2895,113.6388,260.1473,-1,1,-1,-1
284,4,1327.4794,207.1575,107.8753,257.2375,-1,1,-1,-1
285,4,1326.2275,208.5928,111.2496,253.4503,-1,1,-1,-1
286,4,1326.5347,208.409,112.3497,250.3988,-1,1,-1,-1
287,4,1327.2212,208.6663,113.969,252.6807,-1,1,-1,-1
288,4,1326.9952,210.1344,115.609,252.9046,-1,1,-1,-1
289,4,1324.3914,207.0294,120.7199,253.5535,-1,1,-1,-1
290,4,1325.5779,207.1043,119.5128,252.1419,-1,1,-1,-1
291,4,1325.6434,207.1321,119.5153,252.2756,-1,1,-1,-1
292,4,1325.2239,206.4051,119.6971,252.5831,-1,1,-1,-1
293,4,1325.3678,206.5479,121.8745,252.6912,-1,1,-1,-1
294,4,1324.2808,206.2903,125.0171,253.1354,-1,1,-1,-1
295,4,1329.3723,203.5677,115.8544,245.4077,-1,1,-1,-1
296,4,1328.3628,203.906,117.0074,241.7244,-1,1,-1,-1
297,4,1320.6294,206.9151,128.3838,233.7509,-1,1,-1,-1
298,4,1328.3937,205.7536,117.8792,236.7931,-1,1,-1,-1
299,4,1330.3983,205.8389,116.9301,233.8945,-1,1,-1,-1
300,4,1324.5219,209.9287,126.8582,227.5721,-1,1,-1,-1
301,4,1336.9456,212.421,111.333,202.8982,-1,1,-1,-1
302,4,1345.1743,211.4424,104.4498,187.3735,-1,1,-1,-1
303,4,1353.8281,210.9802,98.5197,180.2129,-1,1,-1,-1
304,4,1359.0349,211.2355,91.1963,163.3161,-1,1,-1,-1
305,4,1357.4042,210.4582,94.2196,176.5309,-1,1,-1,-1
306,4,1360.5984,210.6068,90.0994,193.4562,-1,1,-1,-1
307,4,1357.1102,209.2635,95.1358,246.353,-1,1,-1,-1
308,4,1356.8333,210.4496,95.7004,222.9879,-1,1,-1,-1
309,4,1353.3474,208.844,98.8919,193.2033,-1,1,-1,-1
310,4,1348.2744,209.1197,104.1369,193.157,-1,1,-1,-1
311,4,1332.9567,210.2778,118.3923,250.2128,-1,1,-1,-1
312,4,1334.1239,203.7027,119.2803,224.7325,-1,1,-1,-1
313,4,1336.6643,204.127,115.7969,248.1149,-1,1,-1,-1
314,4,1346.0869,207.0858,107.105,263.7251,-1,1,-1,-1
315,4,1343.6765,203.093,110.3887,259.6897,-1,1,-1,-1
316,4,1339.4604,209.3117,116.0021,257.8124,-1,1,-1,-1
317,4,1336.5229,209.4739,120.2339,257.7732,-1,1,-1,-1
318,4,1336.2642,208.0562,122.118,261.4995,-1,1,-1,-1
319,4,1335.0527,208.7642,124.1083,258.8941,-1,1,-1,-1
320,4,1324.5891,206.2962,131.8557,257.655,-1,1,-1,-1
321,4,1320.9152,206.5037,133.9266,256.9376,-1,1,-1,-1
322,4,1318.8604,205.2086,140.8685,241.1287,-1,1,-1,-1
323,4,1317.9736,203.3946,137.1447,259.223,-1,1,-1,-1
324,4,1317.8738,203.2034,134.6932,256.4391,-1,1,-1,-1
325,4,1322.1322,201.4128,132.1292,262.3293,-1,1,-1,-1
326,4,1327.1708,199.4881,126.3127,265.7528,-1,1,-1,-1
327,4,1325.0935,199.6155,127.3397,262.6366,-1,1,-1,-1
328,4,1326.538,198.5265,125.009,264.6479,-1,1,-1,-1
329,4,1325.4821,197.6772,125.0612,264.6477,-1,1,-1,-1
330,4,1323.4711,197.6104,127.4073,261.2498,-1,1,-1,-1
331,4,1323.6611,196.8479,127.2096,261.3284,-1,1,-1,-1
332,4,1327.0383,191.1648,120.8481,267.6825,-1,1,-1,-1
333,4,1324.2542,192.5104,121.3825,264.2188,-1,1,-1,-1
334,4,1327.3385,192.9353,118.0317,264.2591,-1,1,-1,-1
335,4,1324.8181,198.0984,122.5133,259.2277,-1,1,-1,-1
336,4,1321.0984,195.2666,128.529,260.8733,-1,1,-1,-1
337,4,1330.431,188.1565,114.5673,265.9915,-1,1,-1,-1
338,4,1324.5947,195.8849,125.3393,259.1458,-1,1,-1,-1
339,4,1324.933,191.5607,122.3635,254.6267,-1,1,-1,-1
340,4,1324.3289,194.5237,123.2937,256.7042,-1,1,-1,-1
341,4,1314.4075,193.7066,135.3473,259.3278,-1,1,-1,-1
342,4,1317.3666,188.2022,129.6329,256.3153,-1,1,-1,-1
343,4,1317.4609,187.4211,129.7483,258.9664,-1,1,-1,-1
344,4,1322.3562,188.5232,124.2853,257.1012,-1,1,-1,-1
345,4,1325.7426,187.8112,119.8209,259.0729,-1,1,-1,-1
346,4,1325.817,186.6717,119.7709,261.9479,-1,1,-1,-1
347,4,1327.828,187.3444,118.1405,265.8632,-1,1,-1,-1
348,4,1324.189,186.234,122.9771,268.6849,-1,1,-1,-1
349,4,1325.4392,188.6624,120.4882,261.1881,-1,1,-1,-1
350,4,1323.7589,191.0905,122.1961,258.3193,-1,1,-1,-1
351,4,1323.5811,190.6034,123.2467,258.1091,-1,1,-1,-1
352,4,1322.833,190.4483,124.9913,256.7901,-1,1,-1,-1
353,4,1323.2937,190.6194,125.3886,255.6168,-1,1,-1,-1
354,4,1325.34,187.919,123.3878,256.6689,-1,1,-1,-1
355,4,1324.05,187.5933,124.7264,259.9684,-1,1,-1,-1
356,4,1322.4561,187.945,126.4408,258.0657,-1,1,-1,-1
357,4,1320.3589,188.0285,129.8544,262.6854,-1,1,-1,-1
358,4,1324.0703,193.2796,126.9462,265.2501,-1,1,-1,-1
